0001 0019
0002 0008
0003 0033
0004 0099
0005 0012
0006 0089
0007 0120
0008 0142
0009 0109
0010 0082
0011 0066
0012 0124
0013 0031
0014 0060
0015 0127
0016 0197
0017 0018
0018 0055
0019 0052
0020 0073
0021 0096
0022 0040
0023 0044
0024 0137
0025 0047
0026 0006
0027 0105
0028 0117
0029 0092
0030 0158
0031 0187
0032 0163
0033 0203
0034 0156
0035 0118
0036 0035
0037 0132
0038 0095
0039 0147
0040 0189
0041 0112
0042 0160
0043 0153
0044 0003
0045 0125
0046 0074
0047 0046
0048 0145
0049 0190
0050 0059
0051 0110
0052 0162
0053 0058
0054 0182
0055 0199
0056 0155
0057 0001
0058 0169
0059 0054
0060 0116
0061 0171
0062 0009
0063 0195
0064 0051
0065 0076
0066 0086
0067 0010
0068 0193
0069 0161
0070 0157
0071 0029
0072 0079
0073 0148
0074 0138
0075 0048
0076 0057
0077 0131
0078 0104
0079 0170
0080 0071
0081 0165
0082 0090
0083 0168
0084 0151
0085 0078
0086 0188
0087 0038
0088 0152
0089 0115
0090 0128
0091 0016
0092 0075
0093 0045
0094 0108
0095 0072
0096 0183
0097 0144
0098 0143
0099 0070
0100 0201
0101 0050
0102 0126
0103 0077
0104 0133
0105 0034
0106 0087
0107 0198
0108 0043
0109 0085
0110 0028
0111 0061
0112 0088
0113 0083
0114 0063
0115 0020
0116 0141
0117 0021
0118 0175
0119 0186
0120 0098
0121 0011
0122 0025
0123 0123
0124 0119
0125 0056
0126 0013
0127 0094
0128 0041
0129 0106
0130 0097
0131 0014
0132 0004
0133 0174
0134 0065
0135 0122
0136 0111
0137 0139
0138 0049
0139 0007
0140 0101
0141 0130
0142 0091
0143 0134
0144 0062
0145 0202
0146 0103
0147 0080
0148 0039
0149 0114
0150 0067
0151 0027
0152 0185
0153 0053
0154 0037
0155 0121
0156 0196
0157 0026
0158 0084
0159 0179
0160 0180
0161 0015
0162 0200
0163 0093
0164 0176
0165 0178
0166 0149
0167 0032
0168 0191
0169 0146
0170 0023
0171 0140
0172 0194
0173 0129
0174 0102
0175 0135
0176 0164
0177 0024
0178 0166
0179 0030
0180 0100
0181 0177
0182 0159
0183 0154
0184 0204
0185 0184
0186 0005
0187 0042
0188 0017
0189 0081
0190 0172
0191 0173
0192 0069
0193 0107
0194 0192
0195 0113
0196 0064
0197 0002
0198 0022
0199 0167
0200 0150
0201 0068
0202 0181
0203 0136
0204 0036
